0 3806.683470374159
1 123.03340380656888
2 82.83727726222112
3 52.19091787678346
4 35.315846040875044
5 21.35041841181787
6 19.559025074606637
7 16.907991445589058
8 15.752192969575974
9 13.182816572953314
10 8.550409468041702
11 6.538048496131985
12 6.182699773939273
13 5.742222328183332
14 5.016570648201209
15 4.5437466536297855
16 4.101750444354908
17 3.8004390351432433
18 3.3247218543618584
19 3.0231039683563186
20 2.785909778430307
21 2.5510046408888343
22 2.334418997723939
23 1.9457871121436159
24 1.786179951415094
25 1.666564569958363
26 1.6019538810444562
27 1.5365702342817766
28 1.4856655111053505
29 1.3502754594485986
30 1.257730885233162
31 1.1930174908725206
32 1.0308687953755256
33 1.0120563977130126
34 0.9036582258519253
35 0.8593854180652742
36 0.8308500999173298
37 0.7557045191841459
38 0.7463016184752937
39 0.706622371749183
40 0.6543140120861453
41 0.6203161749216302
42 0.5931932769730757
43 0.5767374274572584
44 0.5630806296929284
45 0.5459918860029604
46 0.4969260336966096
47 0.48322740978702466
48 0.4581060218254256
49 0.44393485744036354
50 0.4312638435003006
51 0.41165399175269335
52 0.39676978413494357
53 0.38154601750632244
54 0.37978763187684306
55 0.37362913603193715
56 0.35904331554629215
57 0.33472637951124357
58 0.33120775532886626
59 0.31347714563586043
60 0.3033859632999901
61 0.293568415747327
62 0.28656671489195906
63 0.2808798329424967
64 0.2786275535423337
65 0.2643358361832377
66 0.25336949810006193
67 0.248883472363284
68 0.2411997927682823
69 0.2356947046336696
70 0.22384580527113704
71 0.21769191598417703
72 0.216981853452504
73 0.20701287963699602
74 0.20238183344502383
75 0.1977928970554303
76 0.18925588185222006
77 0.18289814170433294
78 0.18167766427127802
79 0.17825864488925217
80 0.17586824382697933
81 0.17113936134229712
82 0.16825737612837083
83 0.16102629891694809
84 0.15352127599931253
85 0.15118967779504022
86 0.14916857648180534
87 0.14657200217840444
88 0.14409551681744
89 0.13788178910871227
90 0.13630655539954897
91 0.13316191114581083
92 0.12822110534861614
93 0.12815064006424562
94 0.12519184477149914
95 0.11947435681666758
96 0.11681559358764487
97 0.11661721678578467
98 0.11482199680153371
99 0.1119280460551098
100 0.10804604892715947
101 0.10710558923918255
102 0.1059362793302667
103 0.10265455628078579
104 0.0998955344404229
105 0.09815165616914787
106 0.09802835338489987
107 0.09576263385319897
108 0.09372432875094674
109 0.09123237505736995
110 0.0879301566392958
111 0.08648816452393687
112 0.08319948452445705
113 0.08166031656127437
114 0.08148000548175367
115 0.08032911123106198
116 0.08004059803296965
117 0.07143723212478062
118 0.07269367628616179
119 0.07386566985607443
120 0.07826278165453818
121 0.0770157073342026
122 0.07794212912255834
123 0.07033019812778395
124 0.06934265813521559
125 0.06911043767754446
126 0.0668942740407664
127 0.06571093558667694
128 0.06411503660568049
129 0.06346229584412902
130 0.0632025154355504
131 0.06268056194877161
132 0.06154586525075557
133 0.0604782727773374
134 0.05865946305968394
135 0.057498594566763095
136 0.05713801210689698
137 0.055783470891729386
138 0.05473645771225373
139 0.044053412210855916
140 0.044766532695214925
141 0.04636933886198891
142 0.04780613284324296
143 0.04876865576122399
144 0.048429803223590896
145 0.05059917179270938
146 0.054780423303350284
147 0.05325252879846852
148 0.054179861273741046
149 0.054093905200286105
150 0.04415062414368534
151 0.0431330748604735
152 0.042963782630235245
153 0.042333759727102
154 0.04209365648071059
155 0.04107198199668789
156 0.04079059876372307
157 0.039823272106716566
158 0.03933013086397007
159 0.03753112475288754
160 0.037252259037333604
161 0.036953823359659355
162 0.03676724098611094
163 0.03561398035823668
164 0.035109425711663
165 0.03476893050257449
166 0.03425601165543317
167 0.034098480942568676
168 0.03329988482414029
169 0.03298738858406063
170 0.032201750912348594
171 0.03220413153557424
172 0.031756024639877915
173 0.03090906986458817
174 0.030274593978053647
175 0.029799205547816284
176 0.02977156017049925
177 0.02876881511800391
178 0.02879654762951821
179 0.02868582659466492
180 0.02828354747943583
181 0.027834738719029216
182 0.027183135427762527
183 0.02660606164659947
184 0.02225423817347979
185 0.02264055798188669
186 0.02342048118829041
187 0.02385584374214085
188 0.026632471925379934
189 0.026224771935371784
190 0.025938593657107573
191 0.02530457410344887
192 0.025530556246370795
193 0.02268480760809176
194 0.02244491571891031
195 0.02203321781987124
196 0.021787724588810224
197 0.021419240215258692
198 0.020959952008739867
199 0.020465564090143273
200 0.020263594028927797
201 0.02005791342830235
202 0.019561345612065822
203 0.01940683091000738
204 0.019029218658319347
205 0.018855014734462036
206 0.017964488466987442
207 0.018289357810472546
208 0.018286919604843802
209 0.017750696283428583
210 0.017383115783508266
211 0.016958080077270277
212 0.016611905401101357
213 0.016602900572607677
214 0.01604320593644752
215 0.015836430207141833
216 0.01563291376731009
217 0.015409245957366317
218 0.015305193101132021
219 0.015232420821122451
220 0.01487648775460932
221 0.014511621360390248
222 0.014379672359831064
223 0.015341511069692903
224 0.013971014386500065
225 0.013955540568772172
226 0.013562642821446449
227 0.013197708333770333
228 0.01314042946904849
229 0.013101848987543026
230 0.012636685417656529
231 0.012539239159652226
232 0.012062347491484774
233 0.011890619726515008
234 0.011465203032221644
235 0.011742175859795055
236 0.011139415832976677
237 0.011418160184231849
238 0.010892673657376135
239 0.010981120390383185
240 0.010656987528660372
241 0.010437756930280912
242 0.010456558774245912
243 0.010249414199798093
244 0.010109145356617597
245 0.01007693950721917
246 0.009901297579396215
247 0.009685346529731291
248 0.009582352377999107
249 0.009434211682764516
250 0.009324441356641976
251 0.009171348406862512
252 0.008858763213453575
253 0.0087244368581069
254 0.00846945564121026
255 0.00835664242108921
256 0.008148476793867317
257 0.006235920528676293
258 0.006338543196068764
259 0.006403651979985
260 0.006509382319716327
261 0.008053630269711743
262 0.0068815092469441935
263 0.007050160901962395
264 0.007247342507217133
265 0.007378367580922996
266 0.007691071734220332
267 0.007941564285906264
268 0.008125054186959723
269 0.008243569759674106
270 0.005642260059341768
271 0.005769880482727616
272 0.006046955993854091
273 0.006209194675109966
274 0.006398192434095149
275 0.006693355554772964
276 0.005797467052585468
277 0.0045956387159342615
278 0.004726035003728502
279 0.004879325313602956
280 0.005662529494113954
281 0.005603760167260934
282 0.005504035624085935
283 0.005460088618438946
284 0.005452212208023752
285 0.00474179311861686
286 0.00468976486376185
287 0.004673404726026226
288 0.004546648559653467
289 0.004430508091166395
290 0.004382461040641009
291 0.004244735307800153
292 0.004068411811272099
293 0.004062667911749097
294 0.0038856204620056688
295 0.0038220670018062567
296 0.0037199833149557013
297 0.003818593723420346
298 0.0036496176137511397
299 0.003574479932124969
300 0.0034944292471117866
301 0.0034566940884302073
302 0.0034509386443415504
303 0.003303401366414948
304 0.0031730507470272306
305 0.003118705806528119
306 0.0030340532475705965
307 0.0030762746112317175
308 0.003004287873074476
309 0.002984123294636264
310 0.0028193016365398466
311 0.002919876234039071
312 0.002758546848206686
313 0.0025064239891091763
314 0.0027330521729260152
315 0.0026454563611190873
316 0.002702008032955632
317 0.0025335155140307295
318 0.0024550119925180127
319 0.002438105130671342
320 0.002343879235828789
321 0.0022391359132623505
322 0.0022368822062683504
323 0.002143619919549285
324 0.0020922489758065516
325 0.0021782818257176533
326 0.0020318940449057044
327 0.0020360677456045433
328 0.0019865166559849684
329 0.0015911700115245296
330 0.001691002482541644
331 0.001787242065919408
332 0.0018838431870261713
333 0.0019754359511249104
334 0.001980503094014225
335 -0.0010518163163042685
336 -0.0010378535903972396
337 -0.0010405918684103913
338 -0.0010286404864239876
339 -0.001035859059733956
340 -0.001034311253169195
341 -0.0010426436776750615
342 -0.001028776390481613
343 -0.00102047307362287
344 0.0015145947396136153
345 -0.0009977331830632894
346 -0.0009919464710713664
347 -0.0009843279863192959
348 -0.0009670058859249503
349 -0.0009733257362328998
350 -0.0009659255013630027
351 -0.0009663312862378666
352 -0.0009583086205260811
353 0.0013362027650493968
354 0.001288479286226357
355 0.001271370917961587
356 0.0012537347617050513
357 0.00122442466828324
358 0.0011511938670883443
359 0.0011814050094926317
360 0.001091236540090816
361 0.001047561769250089
362 0.0009276704241845707
363 0.0008088169143870021
364 0.0009124817125040401
365 0.0009045080254388041
366 0.0011747821168589681
367 0.0011376265428516574
368 0.0008117530529221924
369 0.000788547956191379
370 0.0008889806006173583
371 0.0007548784714959155
372 0.0007400933725137812
373 0.0004241718352420564
374 0.00033984015017798127
375 0.0007255059901383181
376 0.00033447060845940993
377 0.0005962870557524706
378 0.0007206377436653566
379 0.0005826022039605507
380 0.0007199376044476626
381 -0.00046113738608424435
382 -0.00046974776956796053
383 -0.0004598904813279891
384 -0.0004607677115873579
385 -0.0004009853977183644
386 -0.00038260405200993763
387 -0.00044867076892982506
388 -0.000471685771008366
389 -0.0004933937118279981
390 -0.00041644783512717544
391 -0.0004073855690048582
392 -0.0004005599743515122
393 -0.00035849166452504193
394 -0.0003867879837815977
395 0.0005299888954574221
396 0.00040987877691310484
397 0.0004419751759393259
398 0.00022481495660162804
399 0.00023463310360145894
400 0.0002105321070152424
401 0.0001890298005369042
402 -0.0003177813622340336
403 0.00010433134133946867
404 0.00016964601173335503
405 7.498988338195973e-05
406 0.00010369114305535092
407 7.268206021208241e-05
408 -0.00019564178973298656
409 -9.395313924574983e-05
410 -0.00014036958645935156
411 -0.0002195985846569795
412 -7.829329320493354e-05
413 -0.0001089148679410826
414 -0.0001537841898271951
415 -0.0003779662531528136
416 -0.00040978345263450414
417 -0.0006365617065418705
